0,1
군함도,146506
덩케르크,146480
택시운전사,146469
슈퍼배드 3,132626
47 미터,152616
스파이더맨: 홈커밍,135874
플립,76309
옥자,143435
극장판 짱구는 못말려 : 습격!! 외계인 덩덩이,156477
내 사랑,154437
명탐정 코난:진홍의 연가,159054
청년경찰,153652
리얼,137008
예수는 역사다,158910
송 투 송,114268
너의 이름은.,150198
브이아이피,152170
잃어버린 도시 Z,70627
혹성탈출: 종의 전쟁,143394
카3: 새로운 도전,152396
여자 보험왕 : 그녀의 영업비밀,161300
남한산성,150637
킹 아서: 제왕의 검,127374
애나벨: 인형의 주인,152341
박열,155716
파리로 가는 길,154458
위시 어폰,154262
다크 나이트,62586
시암,162970
킹스맨: 골든 서클,149747
여자들,156363
이모티: 더 무비,158651
레이디 맥베스,154419
장산범,137696
신과함께,85579
두 엄마,161306
그 후,162956
프란츠,149012
인터스텔라,45290
하루,152168
인셉션,52515
트레이터,123271
달기,20422
악녀,155256
그것,154668
에이리언: 커버넌트,99715
다크타워: 희망의 탑,146407
스페셜 포스 : 블러드 마운틴,163058
토르: 라그나로크,134898
오즈: 신기한 마법가루,165029
